fullscreen=true
resolution=1920x1080
musicVolume=0.0391304347826087
sfxVolume=0.0391304347826087
