fullscreen=false
resolution=1280x720
musicVolume=0.0391304347826087
sfxVolume=0.0391304347826087
