fullscreen=true
resolution=1280x720
musicVolume=0.06521739130434782
sfxVolume=0.0782608695652174
