fullscreen=true
resolution=1280x720
musicVolume=0.02608695652173913
sfxVolume=0.034782608695652174
